215
91
27
9
37
73
62
104
6
97
215
91
27
9
37
73
62
104
6
97
215
91
27
9
37
73
62
104
6
97
215
91
27
9
37
73
62
104
6
97
215
91
27
9
37
73
62
104
6
97
215
91
27
9
37
73
62
104
6
97
215
91
27
9
37
73
62
104
6
97
215
91
27
9
37
73
62
104
6
97
215
91
27
9
37
73
62
104
6
97
215
91
27
9
37
73
62
104
6
97
215
91
27
9
37
73
62
104
6
97
215
91
27
9
37
73
62
104
6
97
215
91
27
9
37
73
62
104
6
97
215
91
27
9
37
73
62
104
6
97
215
91
27
9
37
73
62
104
6
97
215
91
27
9
37
73
62
104
6
97
215
91
27
9
37
73
62
104
6
97
215
91
27
9
37
73
62
104
6
97
215
91
27
9
37
73
62
104
6
97
215
91
27
9
37
73
62
104
6
97
215
91
27
9
37
73
62
104
6
97
215
91
27
9
37
73
62
104
6
97
215
91
27
9
37
73
62
104
6
97
215
91
27
9
37
73
62
104
6
97
215
91
27
9
37
73
62
104
6
97
215
91
27
9
37
73
62
104
6
97
215
91
27
9
37
73
62
104
6
97
215
91
27
9
37
73
62
104
6
97
215
91
27
9
37
73
62
104
6
97
215
91
27
9
37
73
62
104
6
97
215
91
27
9
37
73
62
104
6
97
215
91
27
9
37
73
62
104
6
97
215
91
27
9
37
73
62
104
6
97
215
91
27
9
37
73
62
104
6
97
215
91
27
9
37
73
62
104
6
97
215
91
27
9
37
73
62
104
6
97
215
91
27
9
37
73
62
104
6
97
215
91
27
9
37
73
62
104
6
97
215
91
27
9
37
73
62
104
6
97
215
91
27
9
37
73
62
104
6
97
215
91
27
9
37
73
62
104
6
97
215
91
27
9
37
73
62
104
6
97
215
91
27
9
37
73
62
104
6
97
215
91
27
9
37
73
62
104
6
97
215
91
27
9
37
73
62
104
6
97
215
91
27
9
37
73
62
104
6
97
215
91
27
9
37
73
62
104
6
97
215
91
27
9
37
73
62
104
6
97
215
91
27
9
37
73
62
104
6
97
215
91
27
9
37
73
62
104
6
97
